----------------Alturas y caudales medios diarios -------------------

NOTA: El valor -100.00 indica que no existe dato.

 Estac.      Fecha Altura(m) Caudal(m3/s)
----------------------------------------
   9120 01/10/2009     0.500    21.480
   9120 02/10/2009     0.520    23.340
   9120 03/10/2009     0.520    23.410
   9120 04/10/2009     0.520    23.500
   9120 05/10/2009     0.490    20.350
   9120 06/10/2009     0.510    22.560
   9120 07/10/2009     0.520    23.460
   9120 08/10/2009     0.580    28.960
   9120 09/10/2009     0.630    34.600
   9120 10/10/2009     0.640    34.950
   9120 11/10/2009     0.590    30.350
   9120 12/10/2009     0.660    37.060
   9120 13/10/2009     0.670    38.800
   9120 14/10/2009     0.630    34.210
   9120 15/10/2009     0.650    36.800
   9120 16/10/2009     0.620    33.090
   9120 17/10/2009     0.510    22.690
   9120 18/10/2009     0.520    23.830
   9120 19/10/2009     0.530    24.480
   9120 20/10/2009     0.570    28.800
   9120 21/10/2009     0.600    32.140
   9120 22/10/2009     0.710    42.990
   9120 23/10/2009     0.750    47.380
   9120 24/10/2009     0.700    41.740
   9120 25/10/2009     0.720    43.270
   9120 26/10/2009     0.540    25.540
   9120 27/10/2009     0.500    21.760
   9120 28/10/2009     0.540    25.740
   9120 29/10/2009     0.530    24.640
   9120 30/10/2009     0.520    23.450
   9120 31/10/2009     0.540    25.580
   9120 01/11/2009     0.520    23.380
   9120 02/11/2009     0.590    30.150
   9120 03/11/2009     0.600    31.250
   9120 04/11/2009     0.550    32.900
   9120 05/11/2009     0.560    34.050
   9120 06/11/2009     0.690    43.330
   9120 07/11/2009     1.070    92.810
   9120 08/11/2009     1.440   144.470
   9120 09/11/2009     1.900   256.730
   9120 10/11/2009     2.520   430.510
   9120 11/11/2009     1.760   210.140
   9120 12/11/2009     1.490   155.930
   9120 13/11/2009     1.220   110.090
   9120 14/11/2009     1.020    81.320
   9120 15/11/2009     0.810    54.030
   9120 16/11/2009     0.800    53.590
   9120 17/11/2009     0.740    48.250
   9120 18/11/2009     0.700    44.140
   9120 19/11/2009     0.600    36.540
   9120 20/11/2009     0.590    35.810
   9120 21/11/2009     0.530    31.540
   9120 22/11/2009     0.540    32.410
   9120 23/11/2009     0.590    36.040
   9120 24/11/2009     0.540    32.180
   9120 25/11/2009     0.620    38.400
   9120 26/11/2009     0.530    31.020
   9120 27/11/2009     0.500    29.360
   9120 28/11/2009     0.510    29.520
   9120 29/11/2009     0.510    29.710
   9120 30/11/2009     0.500    29.310
   9120 01/12/2009     0.550    32.690
   9120 02/12/2009     0.550    32.800
   9120 03/12/2009     0.720    46.930
   9120 04/12/2009     0.840    56.890
   9120 05/12/2009     0.810    54.200
   9120 06/12/2009     0.880    62.810
   9120 07/12/2009     0.780    51.740
   9120 08/12/2009     0.840    57.540
   9120 09/12/2009     0.770    50.640
   9120 10/12/2009     0.690    43.700
   9120 11/12/2009     0.690    43.240
   9120 12/12/2009     0.630    39.130
   9120 13/12/2009     0.600    36.990
   9120 14/12/2009     0.590    35.760
   9120 15/12/2009     0.600    36.930
   9120 16/12/2009     0.640    39.990
   9120 17/12/2009     0.620    38.410
   9120 18/12/2009     0.590    35.690
   9120 19/12/2009     0.550    33.220
   9120 20/12/2009     0.560    33.550
   9120 21/12/2009     0.580    35.040
   9120 22/12/2009     0.620    38.370
   9120 23/12/2009     1.400   141.320
   9120 24/12/2009     1.710   197.960
   9120 25/12/2009     1.970   269.730
   9120 26/12/2009     2.060   296.640
   9120 27/12/2009     1.630   181.920
   9120 28/12/2009     1.490   152.180
   9120 29/12/2009     1.600   174.080
   9120 30/12/2009     2.190   333.970
   9120 31/12/2009     2.360   383.620
   9120 01/01/2010     2.140   317.990
   9120 02/01/2010     1.930   259.240
   9120 03/01/2010     1.770   213.600
   9120 04/01/2010     1.650   182.740
   9120 05/01/2010     1.720   200.300
   9120 06/01/2010     1.580   168.250
   9120 07/01/2010     1.460   146.710
   9120 08/01/2010     1.420   140.850
   9120 09/01/2010     1.360   131.640
   9120 10/01/2010     1.220   109.810
   9120 11/01/2010     1.150    99.230
   9120 12/01/2010     1.200   107.410
   9120 13/01/2010     1.310   123.020
   9120 14/01/2010     1.920   259.530
   9120 15/01/2010     3.610   745.790
   9120 16/01/2010     3.570   734.620
   9120 17/01/2010     2.340   377.620
   9120 18/01/2010     2.190   333.850
   9120 19/01/2010     2.000   277.650
   9120 20/01/2010     1.890   247.230
   9120 21/01/2010     1.780   215.580
   9120 22/01/2010     1.720   197.720
   9120 23/01/2010     1.620   175.310
   9120 24/01/2010     1.520   156.020
   9120 25/01/2010     1.660   190.120
   9120 26/01/2010     1.830   229.240
   9120 27/01/2010     1.730   201.600
   9120 28/01/2010     1.510   154.420
   9120 29/01/2010     1.480   150.620
   9120 30/01/2010     1.640   185.300
   9120 31/01/2010     2.430   403.940
   9120 01/02/2010     2.560   442.550
   9120 02/02/2010     2.040   289.090
   9120 03/02/2010     1.840   231.800
   9120 04/02/2010     1.700   193.450
   9120 05/02/2010     1.660   182.840
   9120 06/02/2010     1.780   214.220
   9120 07/02/2010     1.690   191.230
   9120 08/02/2010     1.760   210.070
   9120 09/02/2010     1.630   177.530
   9120 10/02/2010     1.770   212.510
   9120 11/02/2010     1.690   192.300
   9120 12/02/2010     1.630   177.040
   9120 13/02/2010     1.630   176.310
   9120 14/02/2010     1.420   140.470
   9120 15/02/2010     1.450   145.290
   9120 16/02/2010     1.430   142.520
   9120 17/02/2010     1.390   135.830
   9120 18/02/2010     1.480   149.930
   9120 19/02/2010     1.620   175.210
   9120 20/02/2010     1.680   187.600
   9120 21/02/2010     1.570   165.280
   9120 22/02/2010     1.480   150.350
   9120 23/02/2010     1.570   164.810
   9120 24/02/2010     1.730   201.750
   9120 25/02/2010     1.780   213.230
   9120 26/02/2010     2.010   280.670
   9120 27/02/2010     2.030   288.150
   9120 28/02/2010     2.040   291.420
   9120 01/03/2010     2.180   329.760
   9120 02/03/2010     1.740   203.740
   9120 03/03/2010     1.670   184.520
   9120 04/03/2010     1.600   170.260
   9120 05/03/2010     1.540   159.680
   9120 06/03/2010     1.490   150.910
   9120 07/03/2010     1.470   148.580
   9120 08/03/2010     1.350   129.470
   9120 09/03/2010     1.290   121.250
   9120 10/03/2010     1.350   128.910
   9120 11/03/2010     1.250   114.730
   9120 12/03/2010     1.190   105.030
   9120 13/03/2010     1.190   105.710
   9120 14/03/2010     1.120    95.300
   9120 15/03/2010     1.100    91.840
   9120 16/03/2010     1.130    95.990
   9120 17/03/2010     1.120    95.860
   9120 18/03/2010     1.130    96.910
   9120 19/03/2010     1.060    87.360
   9120 20/03/2010     1.020    80.750
   9120 21/03/2010     1.110    93.360
   9120 22/03/2010     1.240   113.130
   9120 23/03/2010     1.180   104.650
   9120 24/03/2010     1.120    95.710
   9120 25/03/2010     1.160   100.350
   9120 26/03/2010     1.240   112.410
   9120 27/03/2010     1.460   146.380
   9120 28/03/2010     1.430   142.580
   9120 29/03/2010     1.420   140.690
   9120 30/03/2010     1.320   124.500
   9120 31/03/2010     1.310   124.120
   9120 01/04/2010     1.310   123.670
   9120 02/04/2010     1.270   116.750
   9120 03/04/2010     1.250   114.640
   9120 04/04/2010     1.250   114.280
   9120 05/04/2010     1.190   105.340
   9120 06/04/2010     1.120    95.700
   9120 07/04/2010     1.100    92.310
   9120 08/04/2010     1.000    79.520
   9120 09/04/2010     1.000    78.510
   9120 10/04/2010     1.020    81.240
   9120 11/04/2010     0.900    65.460
   9120 12/04/2010     0.980    75.830
   9120 13/04/2010     1.010    80.070
   9120 14/04/2010     1.020    80.970
   9120 15/04/2010     0.960    73.430
   9120 16/04/2010     0.800    53.300
   9120 17/04/2010     0.840    58.380
   9120 18/04/2010     0.940    70.070
   9120 19/04/2010     0.910    66.260
   9120 20/04/2010     0.920    67.510
   9120 21/04/2010     0.870    61.790
   9120 22/04/2010     0.880    62.610
   9120 23/04/2010     0.910    66.390
   9120 24/04/2010     0.880    62.980
   9120 25/04/2010     0.890    63.650
   9120 26/04/2010     0.900    64.890
   9120 27/04/2010     0.890    63.910
   9120 28/04/2010     0.870    61.790
   9120 29/04/2010     0.860    59.700
   9120 30/04/2010     0.850    59.140
   9120 01/05/2010     0.920    68.380
   9120 02/05/2010     0.920    68.060
   9120 03/05/2010     0.920    68.390
   9120 04/05/2010     1.050    86.110
   9120 05/05/2010     1.570   169.650
   9120 06/05/2010     1.830   230.530
   9120 07/05/2010     1.630   176.970
   9120 08/05/2010     1.470   148.050
   9120 09/05/2010     1.510   154.290
   9120 10/05/2010     1.460   146.470
   9120 11/05/2010     1.510   154.990
   9120 12/05/2010     1.420   139.760
   9120 13/05/2010     1.320   124.920
   9120 14/05/2010     1.440   142.840
   9120 15/05/2010     1.420   140.910
   9120 16/05/2010     1.660   188.050
   9120 17/05/2010     1.700   193.830
   9120 18/05/2010     1.570   166.020
   9120 19/05/2010     1.420   140.110
   9120 20/05/2010     1.330   125.880
   9120 21/05/2010     1.270   116.830
   9120 22/05/2010     1.100    92.000
   9120 23/05/2010     1.070    88.990
   9120 24/05/2010     1.020    81.240
   9120 25/05/2010     1.000    78.680
   9120 26/05/2010     0.880    63.220
   9120 27/05/2010     0.910    66.510
   9120 28/05/2010     0.830    57.000
   9120 29/05/2010     0.870    61.210
   9120 30/05/2010     0.910    67.320
   9120 31/05/2010     0.780    52.710
   9120 01/06/2010     0.760    49.600
   9120 02/06/2010     0.940    71.160
   9120 03/06/2010     0.780    50.910
   9120 04/06/2010     0.780    50.890
   9120 05/06/2010     0.880    62.320
   9120 06/06/2010     0.850    58.680
   9120 07/06/2010     0.890    63.550
   9120 08/06/2010     0.820    55.630
   9120 09/06/2010     0.790    51.580
   9120 10/06/2010     0.830    57.470
   9120 11/06/2010     0.900    65.450
   9120 12/06/2010     1.130    97.530
   9120 13/06/2010     1.480   151.600
   9120 14/06/2010     1.530   159.600
   9120 15/06/2010     1.290   120.910
   9120 16/06/2010     1.470   158.840
   9120 17/06/2010     2.740   493.350
   9120 18/06/2010     3.030   577.190
   9120 19/06/2010     1.850   234.630
   9120 20/06/2010     1.630   179.420
   9120 21/06/2010     1.500   153.990
   9120 22/06/2010     1.320   124.630
   9120 23/06/2010     1.190   106.510
   9120 24/06/2010     0.990    77.770
   9120 25/06/2010     0.960    74.020
   9120 26/06/2010     0.920    67.770
   9120 27/06/2010     1.030    82.900
   9120 28/06/2010     1.260   116.000
   9120 29/06/2010     1.110    93.320
   9120 30/06/2010     1.010    79.550
   9120 01/07/2010     0.980    76.310
   9120 02/07/2010     0.980    76.560
   9120 03/07/2010     1.010    80.150
   9120 04/07/2010     1.030    82.480
   9120 05/07/2010     0.980    76.620
   9120 06/07/2010     0.990    77.800
   9120 07/07/2010     0.970    74.800
   9120 08/07/2010     0.980    75.600
   9120 09/07/2010     1.030    82.100
   9120 10/07/2010     1.030    82.960
   9120 11/07/2010     0.990    77.770
   9120 12/07/2010     1.010    80.630
   9120 13/07/2010     1.010    79.380
   9120 14/07/2010     1.000    78.420
   9120 15/07/2010     0.980    76.610
   9120 16/07/2010     0.960    73.230
   9120 17/07/2010     0.960    73.780
   9120 18/07/2010     0.970    75.080
   9120 19/07/2010     0.980    75.850
   9120 20/07/2010     0.960    73.740
   9120 21/07/2010     0.940    70.830
   9120 22/07/2010     0.960    73.930
   9120 23/07/2010     0.850    59.520
   9120 24/07/2010     0.790    51.750
   9120 25/07/2010     0.880    63.310
   9120 26/07/2010     0.870    61.700
   9120 27/07/2010     0.790    52.170
   9120 28/07/2010     0.820    55.070
   9120 29/07/2010     0.790    52.410
   9120 30/07/2010     0.770    50.550
   9120 31/07/2010     0.830    57.720
   9120 01/08/2010     0.790    51.990
   9120 02/08/2010     0.790    51.770
   9120 03/08/2010     0.800    52.480
   9120 04/08/2010     0.800    53.060
   9120 05/08/2010     0.710    45.340
   9120 06/08/2010     0.700    44.560
   9120 07/08/2010     0.730    47.460
   9120 08/08/2010     0.710    44.890
   9120 09/08/2010     0.690    43.880
   9120 10/08/2010     0.680    42.720
   9120 11/08/2010     0.650    40.700
   9120 12/08/2010     0.620    37.860
   9120 13/08/2010     0.670    42.230
   9120 14/08/2010     0.590    36.000
   9120 15/08/2010     0.610    37.660
   9120 16/08/2010     0.670    41.890
   9120 17/08/2010     0.620    38.040
   9120 18/08/2010     0.650    40.410
   9120 19/08/2010     0.610    37.100
   9120 20/08/2010     0.620    38.300
   9120 21/08/2010     0.630    39.030
   9120 22/08/2010     0.590    36.280
   9120 23/08/2010     0.590    35.590
   9120 24/08/2010     0.580    35.190
   9120 25/08/2010     0.550    33.280
   9120 26/08/2010     0.540    32.140
   9120 27/08/2010     0.500    29.290
   9120 28/08/2010     0.490    28.220
   9120 29/08/2010     0.500    29.430
   9120 30/08/2010     0.510    29.660
   9120 31/08/2010     0.490    28.540
   9120 01/09/2010     0.520    30.970
   9120 02/09/2010     0.580    35.250
   9120 03/09/2010     0.550    32.840
   9120 04/09/2010     0.540    32.080
   9120 05/09/2010     0.500    29.250
   9120 06/09/2010     0.490    28.280
   9120 07/09/2010     0.480    27.830
   9120 08/09/2010     0.490    28.600
   9120 09/09/2010     0.540    31.900
   9120 10/09/2010     0.470    27.100
   9120 11/09/2010     0.480    27.520
   9120 12/09/2010     0.480    27.910
   9120 13/09/2010     0.470    26.900
   9120 14/09/2010     0.470    26.900
   9120 15/09/2010     0.470    26.900
   9120 16/09/2010     0.470    26.900
   9120 17/09/2010     0.490    28.380
   9120 18/09/2010     0.470    26.880
   9120 19/09/2010     0.570    34.090
   9120 20/09/2010     0.590    36.160
   9120 21/09/2010     0.520    30.340
   9120 22/09/2010     0.470    26.750
   9120 23/09/2010     0.470    26.580
   9120 24/09/2010     0.500    28.920
   9120 25/09/2010     0.460    26.200
   9120 26/09/2010     0.460    26.200
   9120 27/09/2010     0.460    26.310
   9120 28/09/2010     0.460    26.200
   9120 29/09/2010     0.470    26.610
   9120 30/09/2010     0.460    26.290
   9120 01/10/2010     0.460    26.200
   9120 02/10/2010     0.460    26.200
   9120 03/10/2010     0.460    26.270
   9120 04/10/2010     0.460    26.200
   9120 05/10/2010     0.450    25.840
   9120 06/10/2010     0.450    25.780
   9120 07/10/2010     0.450    25.570
   9120 08/10/2010     0.450    25.500
   9120 09/10/2010     0.450    25.500
   9120 10/10/2010     0.460    26.330
   9120 11/10/2010     0.490    28.750
   9120 12/10/2010     0.460    26.070
   9120 13/10/2010     0.490    28.360
   9120 14/10/2010     0.490    28.370
   9120 15/10/2010     0.460    26.400
   9120 16/10/2010     0.450    25.500
   9120 17/10/2010     0.450    25.500
   9120 18/10/2010     0.450    25.500
   9120 19/10/2010     0.450    25.500
   9120 20/10/2010     0.450    25.500
   9120 21/10/2010     0.450    25.500
   9120 22/10/2010     0.450    25.500
   9120 23/10/2010     0.450    25.500
   9120 24/10/2010     0.450    25.500
   9120 25/10/2010     0.450    25.500
   9120 26/10/2010     0.450    25.500
   9120 27/10/2010     0.450    25.660
   9120 28/10/2010     0.470    27.140
   9120 29/10/2010     0.450    25.500
   9120 30/10/2010     0.450    25.500
   9120 31/10/2010     0.450    25.510
   9120 01/11/2010     0.520    30.850
   9120 02/11/2010     1.150   101.400
   9120 03/11/2010     1.260   116.460
   9120 04/11/2010     0.930    69.190
   9120 05/11/2010     0.680    43.540
   9120 06/11/2010     0.470    27.150
   9120 07/11/2010     0.460    26.580
   9120 08/11/2010     0.670    43.300
   9120 09/11/2010     0.810    55.610
   9120 10/11/2010     0.860    60.280
   9120 11/11/2010     1.210   109.970
   9120 12/11/2010     1.300   123.170
   9120 13/11/2010     0.980    76.220
   9120 14/11/2010     0.750    49.260
   9120 15/11/2010     0.600    36.960
   9120 16/11/2010     0.670    41.740
   9120 17/11/2010     0.740    47.710
   9120 18/11/2010     0.870    61.690
   9120 19/11/2010     0.780    52.570
   9120 20/11/2010     0.660    41.360
   9120 21/11/2010     0.680    43.250
   9120 22/11/2010     1.340   144.150
   9120 23/11/2010     1.820   227.550
   9120 24/11/2010     1.340   128.770
   9120 25/11/2010     1.200   107.190
   9120 26/11/2010     0.950    71.940
   9120 27/11/2010     0.980    76.470
   9120 28/11/2010     0.950    71.990
   9120 29/11/2010     0.900    65.250
   9120 30/11/2010     0.770    51.400
   9120 01/12/2010     0.600    36.490
   9120 02/12/2010     0.580    35.500
   9120 03/12/2010     0.570    34.210
   9120 04/12/2010     0.650    40.330
   9120 05/12/2010     0.540    31.890
   9120 06/12/2010     0.620    38.440
   9120 07/12/2010     1.240   116.090
   9120 08/12/2010     1.620   175.530
   9120 09/12/2010     1.810   223.590
   9120 10/12/2010     1.710   195.900
   9120 11/12/2010     1.530   157.460
   9120 12/12/2010     1.280   119.120
   9120 13/12/2010     1.130    96.160
   9120 14/12/2010     1.050    85.350
   9120 15/12/2010     0.960    73.190
   9120 16/12/2010     0.830    56.130
   9120 17/12/2010     0.810    53.420
   9120 18/12/2010     0.820    55.200
   9120 19/12/2010     0.720    46.560
   9120 20/12/2010     0.690    43.830
   9120 21/12/2010     0.700    44.340
   9120 22/12/2010     0.770    53.380
   9120 23/12/2010     1.280   119.690
   9120 24/12/2010     2.050   291.870
   9120 25/12/2010     1.860   236.760
   9120 26/12/2010     1.640   179.540
   9120 27/12/2010     1.410   138.880
   9120 28/12/2010     1.220   110.560
   9120 29/12/2010     1.120    95.060
   9120 30/12/2010     1.180   103.830
   9120 31/12/2010     1.320   125.050
   9120 01/01/2011     1.290   120.810
   9120 02/01/2011     1.300   121.830
   9120 03/01/2011     1.230   111.440
   9120 04/01/2011     1.140    98.120
   9120 05/01/2011     1.080    89.900
   9120 06/01/2011     1.060    87.010
   9120 07/01/2011     1.190   106.070
   9120 08/01/2011     1.160   100.610
   9120 09/01/2011     1.200   107.200
   9120 10/01/2011     1.250   115.110
   9120 11/01/2011     1.160   101.640
   9120 12/01/2011     1.110    94.380
   9120 13/01/2011     1.070    88.580
   9120 14/01/2011     1.000    78.730
   9120 15/01/2011     1.000    79.250
   9120 16/01/2011     0.890    63.850
   9120 17/01/2011     0.800    52.750
   9120 18/01/2011     0.780    51.450
   9120 19/01/2011     0.830    56.020
   9120 20/01/2011     0.780    51.660
   9120 21/01/2011     0.820    55.660
   9120 22/01/2011     0.780    52.130
   9120 23/01/2011     0.700    44.720
   9120 24/01/2011     0.670    42.060
   9120 25/01/2011     0.670    42.340
   9120 26/01/2011     0.680    42.460
   9120 27/01/2011     0.690    43.500
   9120 28/01/2011     0.730    46.880
   9120 29/01/2011     0.670    42.300
   9120 30/01/2011     0.630    39.300
   9120 31/01/2011     0.690    43.640
   9120 01/02/2011     0.690    43.820
   9120 02/02/2011     0.650    40.120
   9120 03/02/2011     0.640    39.360
   9120 04/02/2011     0.650    40.500
   9120 05/02/2011     0.660    40.990
   9120 06/02/2011     0.690    43.300
   9120 07/02/2011     0.630    39.290
   9120 08/02/2011     0.700    44.260
   9120 09/02/2011     0.640    39.420
   9120 10/02/2011     0.640    39.420
   9120 11/02/2011     0.600    36.840
   9120 12/02/2011     0.520    30.460
   9120 13/02/2011     0.460    26.200
   9120 14/02/2011     0.460    26.200
   9120 15/02/2011     0.510    29.750
   9120 16/02/2011     0.530    31.290
   9120 17/02/2011     0.640    39.460
   9120 18/02/2011     0.620    37.900
   9120 19/02/2011     0.820    55.600
   9120 20/02/2011     0.870    61.210
   9120 21/02/2011     0.880    63.890
   9120 22/02/2011     1.070    89.370
   9120 23/02/2011     2.150   321.920
   9120 24/02/2011     1.970   270.410
   9120 25/02/2011     1.550   163.000
   9120 26/02/2011     1.230   111.340
   9120 27/02/2011     1.130    96.900
   9120 28/02/2011     1.230   111.540
   9120 01/03/2011     1.940   264.130
   9120 02/03/2011     1.840   233.150
   9120 03/03/2011     1.790   216.080
   9120 04/03/2011     1.640   179.500
   9120 05/03/2011     1.430   142.320
   9120 06/03/2011     1.370   132.050
   9120 07/03/2011     1.450   145.090
   9120 08/03/2011     1.460   146.870
   9120 09/03/2011     1.430   141.430
   9120 10/03/2011     1.300   121.780
   9120 11/03/2011     1.240   113.150
   9120 12/03/2011     1.170   102.330
   9120 13/03/2011     1.120    94.840
   9120 14/03/2011     1.110    93.740
   9120 15/03/2011     1.050    85.390
   9120 16/03/2011     1.440   149.340
   9120 17/03/2011     2.590   450.320
   9120 18/03/2011     2.560   441.100
   9120 19/03/2011     1.900   250.170
   9120 20/03/2011     1.610   173.360
   9120 21/03/2011     1.380   134.610
   9120 22/03/2011     1.310   123.000
   9120 23/03/2011     1.180   103.800
   9120 24/03/2011     1.150    98.950
   9120 25/03/2011     1.040    84.370
   9120 26/03/2011     1.020    81.250
   9120 27/03/2011     1.010    81.980
   9120 28/03/2011     1.080    89.910
   9120 29/03/2011     1.010    80.530
   9120 30/03/2011     1.080    90.110
   9120 31/03/2011     1.240   113.240
   9120 01/04/2011     1.240   112.850
   9120 02/04/2011     1.220   109.360
   9120 03/04/2011     1.120    95.670
   9120 04/04/2011     1.080    89.680
   9120 05/04/2011     1.120    94.900
   9120 06/04/2011     1.030    82.420
   9120 07/04/2011     1.020    80.980
   9120 08/04/2011     1.030    82.750
   9120 09/04/2011     1.000    78.850
   9120 10/04/2011     0.870    62.130
   9120 11/04/2011     0.810    54.220
   9120 12/04/2011     0.810    54.800
   9120 13/04/2011     0.790    52.620
   9120 14/04/2011     0.820    55.900
   9120 15/04/2011     0.700    44.280
   9120 16/04/2011     0.680    43.160
   9120 17/04/2011     0.710    45.110
   9120 18/04/2011     0.690    43.270
   9120 19/04/2011     0.660    41.320
   9120 20/04/2011     0.700    44.560
   9120 21/04/2011     0.680    43.160
   9120 22/04/2011     0.750    49.600
   9120 23/04/2011     0.800    53.380
   9120 24/04/2011     0.790    52.460
   9120 25/04/2011     1.160   101.680
   9120 26/04/2011     1.180   103.660
   9120 27/04/2011     1.150    99.120
   9120 28/04/2011     1.030    82.930
   9120 29/04/2011     1.020    81.540
   9120 30/04/2011     0.820    55.510
   9120 01/05/2011     0.860    59.570
   9120 02/05/2011     0.810    53.830
   9120 03/05/2011     0.840    59.300
   9120 04/05/2011     0.820    55.190
   9120 05/05/2011     0.820    54.400
   9120 06/05/2011     0.800    52.870
   9120 07/05/2011     0.860    61.190
   9120 08/05/2011     0.970    74.460
   9120 09/05/2011     0.910    66.740
   9120 10/05/2011     0.760    49.850
   9120 11/05/2011     0.680    43.050
   9120 12/05/2011     0.720    46.580
   9120 13/05/2011     0.720    47.210
   9120 14/05/2011     0.690    43.450
   9120 15/05/2011     0.710    44.960
   9120 16/05/2011     0.710    45.400
   9120 17/05/2011     0.710    44.970
   9120 18/05/2011     0.690    43.840
   9120 19/05/2011     0.640    39.840
   9120 20/05/2011     0.570    34.250
   9120 21/05/2011     0.560    33.710
   9120 22/05/2011     0.560    33.980
   9120 23/05/2011     0.560    33.890
   9120 24/05/2011     0.560    33.650
   9120 25/05/2011     0.560    33.600
   9120 26/05/2011     0.570    34.310
   9120 27/05/2011     0.490    28.050
   9120 28/05/2011     0.470    26.900
   9120 29/05/2011     0.470    26.900
   9120 30/05/2011     0.540    32.640
   9120 31/05/2011     0.840    57.690
   9120 01/06/2011     1.020    81.930
   9120 02/06/2011     0.960    73.390
   9120 03/06/2011     0.820    54.430
   9120 04/06/2011     0.760    50.340
   9120 05/06/2011     0.690    43.890
   9120 06/06/2011     0.730    47.350
   9120 07/06/2011     0.920    68.580
   9120 08/06/2011     0.990    76.890
   9120 09/06/2011     1.040    83.610
   9120 10/06/2011     1.080    90.630
   9120 11/06/2011     0.870    61.770
   9120 12/06/2011     0.680    42.790
   9120 13/06/2011     0.670    42.290
   9120 14/06/2011     0.680    42.660
   9120 15/06/2011     0.570    34.450
   9120 16/06/2011     0.570    34.370
   9120 17/06/2011     0.570    34.370
   9120 18/06/2011     0.650    40.420
   9120 19/06/2011     0.630    38.700
   9120 20/06/2011     0.690    43.790
   9120 21/06/2011     0.670    42.310
   9120 22/06/2011     0.620    38.120
   9120 23/06/2011     0.620    38.440
   9120 24/06/2011     0.630    39.020
   9120 25/06/2011     0.580    34.920
   9120 26/06/2011     0.580    35.100
   9120 27/06/2011     0.580    35.260
   9120 28/06/2011     0.620    38.310
   9120 29/06/2011     0.700    44.050
   9120 30/06/2011     0.710    44.770
   9120 01/07/2011     0.700    44.200
   9120 02/07/2011     0.680    42.500
   9120 03/07/2011     0.660    41.080
   9120 04/07/2011     0.700    44.240
   9120 05/07/2011     0.680    42.810
   9120 06/07/2011     0.670    41.770
   9120 07/07/2011     0.620    38.160
   9120 08/07/2011     0.590    35.550
   9120 09/07/2011     0.530    31.260
   9120 10/07/2011     0.580    34.810
   9120 11/07/2011     0.630    38.840
   9120 12/07/2011     0.670    42.350
   9120 13/07/2011     0.690    44.010
   9120 14/07/2011     0.800    53.510
   9120 15/07/2011     0.710    45.360
   9120 16/07/2011     0.710    45.240
   9120 17/07/2011     0.690    44.270
   9120 18/07/2011     0.690    43.760
   9120 19/07/2011     0.690    43.920
   9120 20/07/2011     0.700    44.530
   9120 21/07/2011     0.640    39.790
   9120 22/07/2011     0.670    42.120
   9120 23/07/2011     0.680    43.360
   9120 24/07/2011     0.650    40.200
   9120 25/07/2011     0.610    37.690
   9120 26/07/2011     0.610    37.750
   9120 27/07/2011     0.650    40.280
   9120 28/07/2011     0.660    40.910
   9120 29/07/2011     0.690    43.610
   9120 30/07/2011     0.630    38.810
   9120 31/07/2011     0.590    35.810
   9120 01/08/2011     0.560    33.650
   9120 02/08/2011     0.490    28.430
   9120 03/08/2011     0.520    30.070
   9120 04/08/2011     0.530    31.670
   9120 05/08/2011     0.470    26.900
   9120 06/08/2011  -100.000  -100.000
   9120 07/08/2011  -100.000  -100.000
   9120 08/08/2011     0.680    43.450
   9120 09/08/2011     0.600    36.690
   9120 10/08/2011     0.530    31.690
   9120 11/08/2011     0.550    32.920
   9120 12/08/2011     0.490    28.680
   9120 13/08/2011     0.510    29.770
   9120 14/08/2011     0.510    30.060
   9120 15/08/2011     0.470    26.680
   9120 16/08/2011     0.510    30.160
   9120 17/08/2011     0.520    30.290
   9120 18/08/2011     0.550    33.100
   9120 19/08/2011     0.560    33.970
   9120 20/08/2011     0.500    28.880
   9120 21/08/2011     0.510    29.580
   9120 22/08/2011     0.530    31.030
   9120 23/08/2011     0.530    31.360
   9120 24/08/2011     0.530    31.160
   9120 25/08/2011     0.520    30.300
   9120 26/08/2011     0.500    28.770
   9120 27/08/2011     0.510    29.820
   9120 28/08/2011     0.570    34.510
   9120 29/08/2011     0.550    33.210
   9120 30/08/2011     0.560    33.590
   9120 31/08/2011     0.530    31.040
   9120 01/09/2011     0.520    30.530
   9120 02/09/2011     0.510    29.650
   9120 03/09/2011     0.670    42.280
   9120 04/09/2011     0.580    34.880
   9120 05/09/2011     0.590    35.800
   9120 06/09/2011     0.580    35.390
   9120 07/09/2011     0.510    29.620
   9120 08/09/2011     0.520    30.770
   9120 09/09/2011     0.520    30.370
   9120 10/09/2011     0.530    31.320
   9120 11/09/2011     0.520    30.640
   9120 12/09/2011     0.530    31.300
   9120 13/09/2011     0.530    31.270
   9120 14/09/2011     0.530    31.300
   9120 15/09/2011     0.530    31.270
   9120 16/09/2011     0.520    30.890
   9120 17/09/2011     0.530    31.130
   9120 18/09/2011     0.530    31.360
   9120 19/09/2011     0.520    30.600
   9120 20/09/2011     0.520    30.340
   9120 21/09/2011     0.530    31.190
   9120 22/09/2011     0.520    30.710
   9120 23/09/2011     0.500    29.360
   9120 24/09/2011     0.510    30.170
   9120 25/09/2011     0.510    29.880
   9120 26/09/2011     0.510    29.900
   9120 27/09/2011     0.530    31.420
   9120 28/09/2011     0.530    31.300
   9120 29/09/2011     0.530    31.300
   9120 30/09/2011     0.530    31.300
   9120 01/10/2011     0.530    31.300
   9120 02/10/2011     0.530    31.300
   9120 03/10/2011     0.530    31.300
   9120 04/10/2011     0.530    31.300
   9120 05/10/2011     0.530    31.300
   9120 06/10/2011     0.530    31.300
   9120 07/10/2011     0.530    31.300
   9120 08/10/2011     0.530    31.300
   9120 09/10/2011     0.530    31.300
   9120 10/10/2011     0.530    31.300
   9120 11/10/2011     0.530    31.300
   9120 12/10/2011     0.530    31.300
   9120 13/10/2011     0.530    31.300
   9120 14/10/2011     0.530    31.300
   9120 15/10/2011     0.530    31.300
   9120 16/10/2011     0.530    31.300
   9120 17/10/2011     0.530    31.300
   9120 18/10/2011     0.530    31.300
   9120 19/10/2011     0.530    31.300
   9120 20/10/2011     0.530    31.300
   9120 21/10/2011     0.530    31.300
   9120 22/10/2011     0.530    31.300
   9120 23/10/2011     0.530    31.300
   9120 24/10/2011     0.530    31.300
   9120 25/10/2011     0.530    31.300
   9120 26/10/2011     0.530    31.300
   9120 27/10/2011     0.530    31.300
   9120 28/10/2011     0.530    31.300
   9120 29/10/2011     0.530    31.300
   9120 30/10/2011     0.530    31.300
   9120 31/10/2011     0.530    31.300
   9120 01/11/2011     0.530    31.300
   9120 02/11/2011     0.530    31.300
   9120 03/11/2011     0.530    31.300
   9120 04/11/2011     0.530    31.300
   9120 05/11/2011     0.530    31.400
   9120 06/11/2011     1.070    96.300
   9120 07/11/2011     1.450   146.800
   9120 08/11/2011     1.510   157.200
   9120 09/11/2011     0.830    60.000
   9120 10/11/2011     0.610    37.300
   9120 11/11/2011     0.520    30.700
   9120 12/11/2011     0.520    30.900
   9120 13/11/2011     0.520    30.500
   9120 14/11/2011     0.520    30.500
   9120 15/11/2011     0.520    30.500
   9120 16/11/2011     0.520    30.500
   9120 17/11/2011     0.520    30.500
   9120 18/11/2011     0.520    30.500
   9120 19/11/2011     0.520    30.500
   9120 20/11/2011     0.520    30.500
   9120 21/11/2011     0.520    30.800
   9120 22/11/2011     0.530    31.300
   9120 23/11/2011     0.530    31.300
   9120 24/11/2011     0.530    31.300
   9120 25/11/2011     0.530    31.300
   9120 26/11/2011     0.530    31.300
   9120 27/11/2011     0.530    31.300
   9120 28/11/2011     0.530    31.300
   9120 29/11/2011     0.530    31.300
   9120 30/11/2011     0.530    31.300
   9120 01/12/2011     0.530    31.300
   9120 02/12/2011     0.530    31.300
   9120 03/12/2011     0.530    31.300
   9120 04/12/2011     0.530    31.300
   9120 05/12/2011     0.530    31.300
   9120 06/12/2011     0.530    31.300
   9120 07/12/2011     0.520    30.700
   9120 08/12/2011     0.490    28.300
   9120 09/12/2011     0.470    27.000
   9120 10/12/2011     0.500    29.400
   9120 11/12/2011     0.520    30.500
   9120 12/12/2011     0.520    30.500
   9120 13/12/2011     0.520    30.500
   9120 14/12/2011     0.520    30.500
   9120 15/12/2011     0.520    30.500
   9120 16/12/2011     0.520    30.500
   9120 17/12/2011     0.520    30.600
   9120 18/12/2011     0.650    44.100
   9120 19/12/2011     1.140    98.700
   9120 20/12/2011     1.110    94.500
   9120 21/12/2011     1.270   121.200
   9120 22/12/2011     1.650   194.600
   9120 23/12/2011     1.250   124.800
   9120 24/12/2011     0.970    88.200
   9120 25/12/2011     0.790    67.500
   9120 26/12/2011     0.700    58.500
   9120 27/12/2011     0.630    52.300
   9120 28/12/2011     0.510    41.200
   9120 29/12/2011     0.520    41.700
   9120 30/12/2011     0.520    41.800
   9120 31/12/2011     0.720    60.500
   9120 01/01/2012     0.520    41.600
   9120 02/01/2012     0.520    41.800
   9120 03/01/2012     0.520    41.800
   9120 04/01/2012     0.540    43.700
   9120 05/01/2012     0.520    41.700
   9120 06/01/2012     0.520    41.900
   9120 07/01/2012     0.920    85.700
   9120 08/01/2012     0.900    80.400
   9120 09/01/2012     0.770    65.200
   9120 10/01/2012     0.570    46.700
   9120 11/01/2012     0.510    41.300
   9120 12/01/2012     0.520    41.800
   9120 13/01/2012     0.520    41.800
   9120 14/01/2012     0.540    43.700
   9120 15/01/2012     0.520    41.800
   9120 16/01/2012     0.520    41.700
   9120 17/01/2012     0.520    41.700
   9120 18/01/2012     0.520    41.900
   9120 19/01/2012     0.520    41.800
   9120 20/01/2012     0.520    41.800
   9120 21/01/2012     0.520    41.800
   9120 22/01/2012     0.520    41.900
   9120 23/01/2012     0.540    43.900
   9120 24/01/2012     0.510    41.100
   9120 25/01/2012     0.520    41.700
   9120 26/01/2012     0.520    41.800
   9120 27/01/2012     0.520    41.800
   9120 28/01/2012     0.520    41.800
   9120 29/01/2012     0.520    42.100
   9120 30/01/2012     0.550    44.700
   9120 31/01/2012     0.530    42.700
   9120 01/02/2012     0.530    42.300
   9120 02/02/2012     0.530    43.100
   9120 03/02/2012     0.590    48.300
   9120 04/02/2012     0.540    43.600
   9120 05/02/2012     0.540    43.200
   9120 06/02/2012     1.190   130.400
   9120 07/02/2012     2.410   410.900
   9120 08/02/2012     2.340   390.400
   9120 09/02/2012     1.620   193.300
   9120 10/02/2012     1.290   129.800
   9120 11/02/2012     1.130   108.300
   9120 12/02/2012     0.910    81.600
   9120 13/02/2012     0.830    71.500
   9120 14/02/2012     0.790    67.000
   9120 15/02/2012     1.410   157.100
   9120 16/02/2012     1.700   208.800
   9120 17/02/2012     1.880   258.000
   9120 18/02/2012     1.690   205.500
   9120 19/02/2012     1.420   148.800
   9120 20/02/2012     1.340   137.300
   9120 21/02/2012     1.330   136.000
   9120 22/02/2012     1.120   106.600
   9120 23/02/2012     1.000    92.400
   9120 24/02/2012     0.920    82.900
   9120 25/02/2012     0.830    72.300
   9120 26/02/2012     0.960    87.600
   9120 27/02/2012     1.080   101.500
   9120 28/02/2012     1.230   122.100
   9120 29/02/2012     1.100   104.300
   9120 01/03/2012     1.010    93.800
   9120 02/03/2012     0.930    83.900
   9120 03/03/2012     0.860    75.700
   9120 04/03/2012     0.910    81.100
   9120 05/03/2012     0.950    85.700
   9120 06/03/2012     0.990    90.900
   9120 07/03/2012     0.910    81.100
   9120 08/03/2012     0.820    70.700
   9120 09/03/2012     0.800    68.900
   9120 10/03/2012     0.760    64.600
   9120 11/03/2012     0.720    60.700
   9120 12/03/2012     0.640    53.000
   9120 13/03/2012     0.530    43.300
   9120 14/03/2012     0.520    41.800
   9120 15/03/2012     0.520    41.900
   9120 16/03/2012     0.500    40.300
   9120 17/03/2012     0.530    42.900
   9120 18/03/2012     0.550    44.900
   9120 19/03/2012     0.510    41.500
   9120 20/03/2012     0.530    42.800
   9120 21/03/2012     0.530    42.900
   9120 22/03/2012     0.510    41.400
   9120 23/03/2012     0.700    58.100
   9120 24/03/2012     0.700    58.200
   9120 25/03/2012     0.650    54.000
   9120 26/03/2012     0.580    47.300
   9120 27/03/2012     0.510    41.300
   9120 28/03/2012     0.490    39.700
   9120 29/03/2012     0.510    41.500
   9120 30/03/2012     0.530    42.700
   9120 31/03/2012     0.530    42.700
   9120 01/04/2012     0.530    42.700
   9120 02/04/2012     0.530    42.700
   9120 03/04/2012     0.530    42.700
   9120 04/04/2012     0.520    41.900
   9120 05/04/2012     0.520    41.800
   9120 06/04/2012     0.520    42.100
   9120 07/04/2012     0.520    41.900
   9120 08/04/2012     0.520    42.300
   9120 09/04/2012     0.700    58.600
   9120 10/04/2012     0.740    62.800
   9120 11/04/2012     0.650    53.700
   9120 12/04/2012     0.710    59.500
   9120 13/04/2012     0.670    55.500
   9120 14/04/2012     0.800    68.900
   9120 15/04/2012     1.010    93.400
   9120 16/04/2012     1.650   208.000
   9120 17/04/2012     1.890   262.800
   9120 18/04/2012     1.540   172.400
   9120 19/04/2012     1.550   172.300
   9120 20/04/2012     1.700   208.300
   9120 21/04/2012     1.780   229.500
   9120 22/04/2012     1.670   199.600
   9120 23/04/2012     1.590   181.300
   9120 24/04/2012     1.270   126.900
   9120 25/04/2012     1.160   111.700
   9120 26/04/2012     1.130   108.600
   9120 27/04/2012     1.170   114.000
   9120 28/04/2012     1.100   104.300
   9120 29/04/2012     1.760   231.200
   9120 30/04/2012     2.160   339.700
   9120 01/05/2012     1.840   246.900
   9120 02/05/2012     1.550   174.400
   9120 03/05/2012     1.380   143.600
   9120 04/05/2012     1.330   135.000
   9120 05/05/2012     1.250   124.400
   9120 06/05/2012     1.190   115.900
   9120 07/05/2012     1.120   107.600
   9120 08/05/2012     1.020    94.600
   9120 09/05/2012     1.010    93.500
   9120 10/05/2012     1.030    95.400
   9120 11/05/2012     1.020    94.600
   9120 12/05/2012     1.030    96.300
   9120 13/05/2012     0.820    71.200
   9120 14/05/2012     0.910    80.900
   9120 15/05/2012     0.770    66.200
   9120 16/05/2012     0.750    63.900
   9120 17/05/2012     0.640    53.000
   9120 18/05/2012     0.680    56.500
   9120 19/05/2012     0.620    51.000
   9120 20/05/2012     0.730    61.100
   9120 21/05/2012     0.810    70.000
   9120 22/05/2012     0.890    78.500
   9120 23/05/2012     1.020    94.800
   9120 24/05/2012     1.010    93.600
   9120 25/05/2012     0.820    70.600
   9120 26/05/2012     0.670    55.400
   9120 27/05/2012     0.690    57.700
   9120 28/05/2012     0.600    49.000
   9120 29/05/2012     0.490    39.800
   9120 30/05/2012     0.520    41.600
   9120 31/05/2012     0.510    41.200
   9120 01/06/2012     0.530    42.600
   9120 02/06/2012     0.530    42.700
   9120 03/06/2012     0.520    42.100
   9120 04/06/2012     0.520    41.900
   9120 05/06/2012     0.490    40.200
   9120 06/06/2012     0.520    42.000
   9120 07/06/2012     0.520    42.100
   9120 08/06/2012     0.520    41.800
   9120 09/06/2012     0.610    50.000
   9120 10/06/2012     0.540    44.100
   9120 11/06/2012     0.510    41.700
   9120 12/06/2012     0.530    43.300
   9120 13/06/2012     0.510    41.400
   9120 14/06/2012     0.640    52.800
   9120 15/06/2012     0.680    56.300
   9120 16/06/2012     0.610    49.600
   9120 17/06/2012     0.570    46.600
   9120 18/06/2012     0.570    45.900
   9120 19/06/2012     0.640    52.700
   9120 20/06/2012     0.700    58.900
   9120 21/06/2012     0.620    51.200
   9120 22/06/2012     0.520    42.000
   9120 23/06/2012     0.550    44.200
   9120 24/06/2012     0.490    39.400
   9120 25/06/2012     0.490    39.900
   9120 26/06/2012     0.510    40.900
   9120 27/06/2012     0.510    41.100
   9120 28/06/2012     0.580    47.500
   9120 29/06/2012     0.700    58.100
   9120 30/06/2012     0.790    67.400
   9120 01/07/2012     0.690    57.800
   9120 02/07/2012     0.700    58.000
   9120 03/07/2012     0.600    49.300
   9120 04/07/2012     0.560    45.400
   9120 05/07/2012     0.600    48.800
   9120 06/07/2012     0.640    53.000
   9120 07/07/2012     0.650    54.200
   9120 08/07/2012     0.630    52.000
   9120 09/07/2012     0.640    52.500
   9120 10/07/2012     0.570    46.900
   9120 11/07/2012     0.580    47.600
   9120 12/07/2012     0.510    41.700
   9120 13/07/2012     0.550    45.100
   9120 14/07/2012     0.530    42.800
   9120 15/07/2012     0.530    42.700
   9120 16/07/2012     0.530    43.000
   9120 17/07/2012     0.530    42.900
   9120 18/07/2012     0.520    42.100
   9120 19/07/2012     0.530    42.700
   9120 20/07/2012     0.530    42.800
   9120 21/07/2012     0.520    41.900
   9120 22/07/2012     0.590    48.300
   9120 23/07/2012     0.510    41.400
   9120 24/07/2012     0.570    46.500
   9120 25/07/2012     0.620    51.000
   9120 26/07/2012     0.550    45.300
   9120 27/07/2012     0.690    57.800
   9120 28/07/2012     0.700    58.300
   9120 29/07/2012     0.620    51.400
   9120 30/07/2012     0.590    48.100
   9120 31/07/2012     0.510    41.800
   9120 01/08/2012     0.500    40.600
   9120 02/08/2012     0.490    39.900
   9120 03/08/2012     0.500    40.600
   9120 04/08/2012     0.530    42.500
   9120 05/08/2012     0.520    41.900
   9120 06/08/2012     0.500    40.900
   9120 07/08/2012     0.480    38.900
   9120 08/08/2012     0.530    42.700
   9120 09/08/2012     0.470    38.400
   9120 10/08/2012     0.490    39.600
   9120 11/08/2012     0.460    37.600
   9120 12/08/2012     0.470    38.700
   9120 13/08/2012     0.490    39.500
   9120 14/08/2012     0.500    40.500
   9120 15/08/2012     0.450    37.300
   9120 16/08/2012     0.450    37.000
   9120 17/08/2012     0.470    38.300
   9120 18/08/2012     0.450    37.100
   9120 19/08/2012     0.450    37.000
   9120 20/08/2012     0.450    37.000
   9120 21/08/2012     0.450    37.000
   9120 22/08/2012     0.450    37.000
   9120 23/08/2012     0.450    37.000
   9120 24/08/2012     0.450    37.000
   9120 25/08/2012     0.450    37.000
   9120 26/08/2012     0.450    37.000
   9120 27/08/2012     0.450    37.000
   9120 28/08/2012     0.450    36.900
   9120 29/08/2012     0.440    36.400
   9120 30/08/2012     0.450    36.800
   9120 31/08/2012     0.450    37.000
   9120 01/09/2012     0.450    37.200
   9120 02/09/2012     0.450    37.000
   9120 03/09/2012     0.470    39.100
   9120 04/09/2012     0.450    37.200
   9120 05/09/2012     0.450    37.000
   9120 06/09/2012     0.450    37.000
   9120 07/09/2012     0.450    37.000
   9120 08/09/2012     0.450    37.000
   9120 09/09/2012     0.450    37.000
   9120 10/09/2012     0.450    36.700
   9120 11/09/2012     0.450    36.800
   9120 12/09/2012     0.450    37.000
   9120 13/09/2012     0.450    37.000
   9120 14/09/2012     0.450    37.000
   9120 15/09/2012     0.450    37.000
   9120 16/09/2012     0.450    37.000
   9120 17/09/2012     0.450    37.000
   9120 18/09/2012     0.450    37.000
   9120 19/09/2012     0.450    37.000
   9120 20/09/2012     0.450    37.000
   9120 21/09/2012     0.450    37.000
   9120 22/09/2012     0.450    37.100
   9120 23/09/2012     0.440    36.400
   9120 24/09/2012     0.440    36.400
   9120 25/09/2012     0.440    36.400
   9120 26/09/2012     0.440    36.400
   9120 27/09/2012     0.440    36.400
   9120 28/09/2012     0.440    36.400
   9120 29/09/2012     0.440    36.400
   9120 30/09/2012     0.440    36.400